Euclidean: 1398.85216997
City: 1668155.25319
Chebychev: 1634225.0
0.0
0.0
0.0
0.0
0.0
0.0
0.0
0.0
0.0
0.0
0.0
0.0
0.0
0.0
0.0
0.0
0.0
0.0
0.0
0.0
0.0
0.0
0.0
0.0
0.0
0.0
0.0
0.0
8084.0
124650.006492
7440.0
14333.7376076
0.0
0.0
0.0
0.0
0.0
0.0
0.0
0.0
0.0
0.0
0.0
0.0
0.0
0.0
0.0
0.0
95.0
1400.18188104
94.0
2398.19869903
0.0
0.0
0.0
0.0
0.0
0.0
0.0
0.0
0.0
0.0
0.0
0.0
0.0
0.0
0.0
0.0
0.0
0.0
0.0
0.0
0.0
0.0
0.0
0.0
0.0
0.0
0.0
0.0
0.0
0.0
0.0
0.0
0.0
0.0
0.0
0.0
0.0
0.0
0.0
0.0
0.0
0.0
0.0
0.0
0.0
0.0
0.0
0.0
0.0
0.0
0.0
0.0
0.0
0.0
0.0
0.0
0.0
0.0
0.0
0.0
0.0
0.0
0.0
0.0
0.0
0.0
0.0
0.0
0.0
0.0
0.0
0.0
0.989247311828
8739.97036518
0.888888888889
5834.4002028
0.0
0.0
0.0
0.0
0.0
0.0
0.0
0.0
0.0
0.0
0.0
0.0
0.0
0.0
0.0
0.0
0.0
0.0
0.0
0.0
0.0
0.0
0.0
0.0
0.0
0.0
0.0
0.0
0.0
0.0
0.0
0.0
0.0
0.0
0.0
0.0
0.0
0.0
0.0
0.0
0.0
0.0
0.0
0.0
0.0
0.0
0.0
0.0
0.0
0.0
0.0
0.0
0.0
0.0
0.0
0.0
0.0
0.0
0.0
0.0
0.0
0.0
0.0
0.0
0.0
0.0
0.0
0.0
0.0
0.0
0.0
0.0
0.0
0.0
0.0
0.0
0.0
0.0
0.0
0.0
0.0
0.0
0.0
0.0
0.0
0.0
0.0
0.0
0.0
0.0
0.0
0.0
0.0
0.0
0.0
0.0
0.0
0.0
0.0
0.0
0.0
0.0
0.0
0.0
0.0
0.0
0.0
0.0
0.0
0.0
0.0
0.0
0.0
0.0
0.0
0.0
0.0
0.0
0.0
0.0
0.0
0.0
0.0
0.0
0.0
0.0
0.0
0.0
12400.0
307.159852225
3100.0
1173.72003813
1.0
10674.2036623
1.0
6693.91083623
105.483870968
1687.59893694
60.45
2338.05322432
87.5
1394.99501163
87.5
874.303257211
1.0
9966.64329065
0.925079365079
5695.8122275
109.0
1502.23377888
31.0
3771.05956369
79.0
1339.0133101
79.0
714.676377141
80.0
1047.49562507
70.0
1721.2735979
1.0
10573.3271358
0.9
4441.95602859
0.0
0.0
0.0
0.0
95.9680851064
274.294920015
82.0
897.389154223
8370.0
329.288579153
6240.0
1230.78707211
107.333333333
827.627398719
77.746031746
3008.41580401
100.0
1134.81190556
60.0
1903.48949338
90.9677419355
2069.80367506
47.0
2402.27677019
110.0
975.990693262
110.0
2952.86056309
0.0
0.0
0.0
0.0
109.0
1808.53804943
55.3571428571
1811.02790155
0.944444444444
9045.54064657
0.875
4190.49847461
10246.0
298.384523958
3220.0
1076.06834512
80.0
1830.72699292
63.0
1002.91515807
88.0
1835.78353119
63.3333333333
2045.06451949
126.666666667
982.807769156
73.3333333333
3689.06532376
9770.75
5.53962995155
5502.5
1072.83628178
90.75
1095.10185239
60.9807692307
531.084894021
140.0
0.0
125.0
0.0
0.0
0.0
0.0
0.0
0.0
0.0
0.0
0.0
0.0
0.0
0.0
0.0
0.0
0.0
0.0
0.0
0.0
0.0
0.0
0.0
0.0
0.0
0.0
0.0
0.0
0.0
0.0
0.0
0.0
0.0
0.0
0.0
0.0
0.0
0.0
0.0
0.0
0.0
0.0
0.0
0.0
0.0
0.0
0.0
0.0
0.0
0.0
0.0
0.0
0.0
0.0
0.0
0.0
0.0
0.0
0.0
0.0
0.0
0.0
0.0
0.0
0.0
0.0
0.0
0.0
0.0
0.0
0.0
0.0
0.0
0.0
0.0
0.0
0.0
0.0
0.0
0.0
0.0
0.0
0.0
0.0
0.0
0.0
0.0
0.0
0.0
0.0
0.0
0.0
0.0
0.0
0.0
0.0
0.0
0.0
0.0
0.0
0.0
0.0
0.0
0.0
0.0
0.0
0.0
0.0
0.0
0.0
0.0
0.0
0.0
0.0
0.0
0.0
0.0
0.0
0.0
0.0
0.0
0.0
0.0
0.0
0.0
0.0
0.0
0.0
0.0
0.0
0.0
0.0
0.0
0.0
0.0
0.0
0.0
0.0
0.0
0.0
0.0
0.0
0.0
0.0
0.0
0.0
0.0
0.0
0.0
0.0
0.0
4.03053011762e+27
0.0
434652.781066
466513.890493
0.0
0.0
70592.736559
83481.0757294
0.0
0.0
84852.7403745
67540.6854653
67364.3544304
15928.3255742
0.0
0.0
0.0
0.0
532358.754166
512610.934021
0.0
0.0
152768.993056
63289.3487937
0.0
0.0
0.0
0.0
[0.0, 0.0, 0.0, 0.0, 0.0, 0.0, 0.0, 0.0, 0.0, 0.0, 0.0, 0.0, 0.0, 0.0, 0.0, 0.0, 0.0, 0.0, 0.0, 0.0, 0.0, 0.0, 0.0, 0.0, 0.0, 0.0, 0.0, 0.0, 94.0, 12.5094314701, 93.0, 23.3999855135, 0.0, 0.0, 0.0, 0.0, 0.0, 0.0, 0.0, 0.0, 0.0, 0.0, 0.0, 0.0, 0.0, 0.0, 0.0, 0.0, 1.0, 90.4405882334, 1.0, 90.4405882334, 0.0, 0.0, 0.0, 0.0, 0.0, 0.0, 0.0, 0.0, 0.0, 0.0, 0.0, 0.0, 0.0, 0.0, 0.0, 0.0, 0.0, 0.0, 0.0, 0.0, 0.0, 0.0, 0.0, 0.0, 0.0, 0.0, 0.0, 0.0, 0.0, 0.0, 0.0, 0.0, 0.0, 0.0, 0.0, 0.0, 0.0, 0.0, 0.0, 0.0, 0.0, 0.0, 0.0, 0.0, 0.0, 0.0, 0.0, 0.0, 0.0, 0.0, 0.0, 0.0, 0.0, 0.0, 0.0, 0.0, 0.0, 0.0, 0.0, 0.0, 0.0, 0.0, 0.0, 0.0, 0.0, 0.0, 0.0, 0.0, 0.0, 0.0, 0.0, 0.0, 1.0, 93.183917386, 1.0, 69.6938615571, 0.0, 0.0, 0.0, 0.0, 0.0, 0.0, 0.0, 0.0, 0.0, 0.0, 0.0, 0.0, 0.0, 0.0, 0.0, 0.0, 0.0, 0.0, 0.0, 0.0, 0.0, 0.0, 0.0, 0.0, 0.0, 0.0, 0.0, 0.0, 0.0, 0.0, 0.0, 0.0, 0.0, 0.0, 0.0, 0.0, 0.0, 0.0, 0.0, 0.0, 0.0, 0.0, 0.0, 0.0, 0.0, 0.0, 0.0, 0.0, 0.0, 0.0, 0.0, 0.0, 0.0, 0.0, 0.0, 0.0, 0.0, 0.0, 0.0, 0.0, 0.0, 0.0, 0.0, 0.0, 0.0, 0.0, 0.0, 0.0, 0.0, 0.0, 0.0, 0.0, 0.0, 0.0, 0.0, 0.0, 0.0, 0.0, 0.0, 0.0, 0.0, 0.0, 0.0, 0.0, 0.0, 0.0, 0.0, 0.0, 0.0, 0.0, 0.0, 0.0, 0.0, 0.0, 0.0, 0.0, 0.0, 0.0, 0.0, 0.0, 0.0, 0.0, 0.0, 0.0, 0.0, 0.0, 0.0, 0.0, 0.0, 0.0, 0.0, 0.0, 0.0, 0.0, 0.0, 0.0, 0.0, 0.0, 0.0, 0.0, 0.0, 0.0, 0.0, 0.0, 0.0, 0.0, 0.0, 0.0, 124.0, 23.9199932638, 62.0, 36.5904658458, 1.0, 104.475475591, 1.0, 66.3883774969, 109.0, 18.7295651356, 62.0, 33.6623312082, 1.0, 107.386766064, 1.0, 67.3038961204, 1.0, 100.319924289, 0.984126984127, 66.4723085544, 109.0, 15.122919781, 31.0, 45.8116000889, 1.0, 111.695306363, 1.0, 59.6155365247, 1.0, 87.6397717468, 1.0, 55.226112206, 1.0, 102.868372014, 1.0, 61.9287620466, 1.0, 82.3893196962, 1.0, 67.6609192961, 0.989361702128, 91.4316400051, 1.0, 74.7824295186, 93.0, 24.1631757102, 78.0, 33.0632909441, 1.0, 92.0217365626, 0.984126984127, 67.4616352769, 1.0, 96.7153204565, 1.0, 53.9076257137, 94.0, 23.4949011622, 47.0, 29.3675550088, 1.0, 108.667236009, 1.0, 64.5632177862, 0.0, 0.0, 0.0, 0.0, 109.0, 17.6684085834, 62.0, 31.5196638407, 1.0, 107.730373309, 1.0, 69.9557463802, 109.0, 19.2495784021, 46.0, 32.2956953834, 1.0, 87.1492493752, 1.0, 54.8301924126, 0.88, 112.41832324, 1.0, 53.0, 1.0, 104.242505726, 1.0, 73.9458134943, 93.5, 0.5, 62.0, 31.0, 1.0, 88.9159384905, 0.807692307692, 68.1382236724, 140.0, 0.0, 125.0, 0.0, 0.0, 0.0, 0.0, 0.0, 0.0, 0.0, 0.0, 0.0, 0.0, 0.0, 0.0, 0.0, 0.0, 0.0, 0.0, 0.0, 0.0, 0.0, 0.0, 0.0, 0.0, 0.0, 0.0, 0.0, 0.0, 0.0, 0.0, 0.0, 0.0, 0.0, 0.0, 0.0, 0.0, 0.0, 0.0, 0.0, 0.0, 0.0, 0.0, 0.0, 0.0, 0.0, 0.0, 0.0, 0.0, 0.0, 0.0, 0.0, 0.0, 0.0, 0.0, 0.0, 0.0, 0.0, 0.0, 0.0, 0.0, 0.0, 0.0, 0.0, 0.0, 0.0, 0.0, 0.0, 0.0, 0.0, 0.0, 0.0, 0.0, 0.0, 0.0, 0.0, 0.0, 0.0, 0.0, 0.0, 0.0, 0.0, 0.0, 0.0, 0.0, 0.0, 0.0, 0.0, 0.0, 0.0, 0.0, 0.0, 0.0, 0.0, 0.0, 0.0, 0.0, 0.0, 0.0, 0.0, 0.0, 0.0, 0.0, 0.0, 0.0, 0.0, 0.0, 0.0, 0.0, 0.0, 0.0, 0.0, 0.0, 0.0, 0.0, 0.0, 0.0, 0.0, 0.0, 0.0, 0.0, 0.0, 0.0, 0.0, 0.0, 0.0, 0.0, 0.0, 0.0, 0.0, 0.0, 0.0, 0.0, 0.0, 0.0, 0.0, 0.0, 0.0, 0.0, 0.0, 0.0, 0.0, 0.0, 0.0, 0.0, 0.0, 0.0, 0.0, 0.0, 0.0, 0.0, 0.0, 63486455357552.0, 0.0, 266.331360947, 514.208597668, 226.189189189, 104.653956896, 273.086021505, 332.430788525, 274.604651163, 330.974820902, 333.556701031, 299.406904075, 455.164556962, 663.392364003, 270.247706422, 221.781037399, 175.926829268, 119.008687989, 339.433333333, 212.708984818, 505.525, 345.648736979, 200.791666667, 112.923085611, 375.294871795, 720.224575179, 283.8, 280.379314501]
[0.0, 0.0, 0.0, 0.0, 0.0, 0.0, 0.0, 0.0, 0.0, 0.0, 0.0, 0.0, 0.0, 0.0, 0.0, 0.0, 0.0, 0.0, 0.0, 0.0, 0.0, 0.0, 0.0, 0.0, 0.0, 0.0, 0.0, 0.0, 86.0, 9964.48214209, 80.0, 612.553268432, 90.0, 7.5718777944, 90.0, 7.5718777944, 0.0, 0.0, 0.0, 0.0, 0.0, 0.0, 0.0, 0.0, 0.0, 0.0, 0.0, 0.0, 95.0, 15.481786534, 94.0, 26.5168410099, 0.0, 0.0, 0.0, 0.0, 0.0, 0.0, 0.0, 0.0, 0.0, 0.0, 0.0, 0.0, 0.0, 0.0, 0.0, 0.0, 0.0, 0.0, 0.0, 0.0, 0.0, 0.0, 0.0, 0.0, 0.0, 0.0, 0.0, 0.0, 0.0, 0.0, 0.0, 0.0, 0.0, 0.0, 0.0, 0.0, 0.0, 0.0, 0.0, 0.0, 0.0, 0.0, 0.0, 0.0, 0.0, 0.0, 0.0, 0.0, 0.0, 0.0, 0.0, 0.0, 0.0, 0.0, 0.0, 0.0, 0.0, 0.0, 0.0, 0.0, 0.0, 0.0, 0.0, 0.0, 0.0, 0.0, 0.0, 0.0, 0.0, 0.0, 0.0, 0.0, 0.989247311828, 93.7926909531, 0.888888888889, 83.7146926924, 0.0, 0.0, 0.0, 0.0, 0.0, 0.0, 0.0, 0.0, 130.0, 0.0, 130.0, 0.0, 150.0, 0.0, 150.0, 0.0, 78.0, 1314.16905906, 70.0, 276.207492562, 1.0, 786.792839458, 1.0, 786.792839458, 110.0, 0.0, 110.0, 0.0, 100.0, 23.4394412776, 100.0, 23.4394412776, 0.0, 0.0, 0.0, 0.0, 0.0, 0.0, 0.0, 0.0, 0.0, 0.0, 0.0, 0.0, 0.0, 0.0, 0.0, 0.0, 0.0, 0.0, 0.0, 0.0, 0.0, 0.0, 0.0, 0.0, 0.0, 0.0, 0.0, 0.0, 1.0, 99.5464715598, 1.0, 90.9939558432, 94.0, 11.5634893399, 90.0, 31.3414376551, 70.0, 0.0, 70.0, 0.0, 98.5, 7.53325958666, 96.0, 10.8627804912, 70.0, 10.0, 70.0, 10.0, 1.0, 106.734874026, 1.0, 105.225155421, 0.0, 0.0, 0.0, 0.0, 85.0, 5.0, 85.0, 5.0, 0.818181818182, 85.6210981697, 0.818181818182, 85.6210981697, 1.0, 97.722964434, 0.95, 88.5070132187, 0.0, 0.0, 0.0, 0.0, 0.0, 0.0, 0.0, 0.0, 0.0, 0.0, 0.0, 0.0, 0.0, 0.0, 0.0, 0.0, 0.0, 0.0, 0.0, 0.0, 0.0, 0.0, 0.0, 0.0, 0.0, 0.0, 0.0, 0.0, 100.0, 12.8411345621, 50.0, 32.0772094862, 1.0, 102.169467063, 1.0, 100.829559158, 0.967741935484, 90.1034767612, 0.975, 69.4560697492, 87.5, 12.9903810568, 87.5, 12.9903810568, 1.0, 99.3485926279, 0.94, 85.6869928452, 1.0, 99.3349036186, 1.0, 82.3166961287, 79.0, 11.9880893271, 79.0, 11.9880893271, 80.0, 11.9522860933, 70.0, 31.167748899, 1.0, 102.78501476, 0.9, 71.7268661893, 0.0, 0.0, 0.0, 0.0, 97.0, 3.0, 82.0, 12.0, 90.0, 13.6277028774, 80.0, 37.225183488, 107.333333333, 8.99382504215, 79.0, 44.5944690143, 100.0, 11.7335278444, 60.0, 35.3102083088, 0.967741935484, 88.095866451, 1.0, 81.8003667473, 110.0, 8.9814623902, 110.0, 45.7359571648, 0.0, 0.0, 0.0, 0.0, 1.0, 102.359985671, 0.892857142857, 57.4570817349, 0.944444444444, 83.9646273259, 0.875, 59.9021337266, 94.0, 15.5008342378, 70.0, 33.3192498984, 80.0, 21.0068016196, 63.0, 18.2912937916, 100.0, 16.3299316186, 63.3333333333, 38.5861230093, 126.666666667, 9.42809041582, 73.3333333333, 49.888765157, 104.5, 11.0792599031, 88.75, 34.6076219929, 90.75, 12.3161479368, 75.5, 7.79422863406, 1.0, 102.509023993, 1.0, 102.509023993, 0.0, 0.0, 0.0, 0.0, 0.0, 0.0, 0.0, 0.0, 0.0, 0.0, 0.0, 0.0, 0.0, 0.0, 0.0, 0.0, 0.0, 0.0, 0.0, 0.0, 0.0, 0.0, 0.0, 0.0, 0.0, 0.0, 0.0, 0.0, 0.0, 0.0, 0.0, 0.0, 0.0, 0.0, 0.0, 0.0, 0.0, 0.0, 0.0, 0.0, 0.0, 0.0, 0.0, 0.0, 0.0, 0.0, 0.0, 0.0, 0.0, 0.0, 0.0, 0.0, 0.0, 0.0, 0.0, 0.0, 0.0, 0.0, 0.0, 0.0, 0.0, 0.0, 0.0, 0.0, 0.0, 0.0, 0.0, 0.0, 0.0, 0.0, 0.0, 0.0, 0.0, 0.0, 0.0, 0.0, 0.0, 0.0, 0.0, 0.0, 0.0, 0.0, 0.0, 0.0, 0.0, 0.0, 0.0, 0.0, 0.0, 0.0, 0.0, 0.0, 0.0, 0.0, 0.0, 0.0, 0.0, 0.0, 0.0, 0.0, 0.0, 0.0, 0.0, 0.0, 0.0, 0.0, 0.0, 0.0, 0.0, 0.0, 0.0, 0.0, 0.0, 0.0, 0.0, 0.0, 0.0, 0.0, 0.0, 0.0, 0.0, 0.0, 0.0, 0.0, 0.0, 0.0, 0.0, 0.0, 0.0, 0.0, 0.0, 0.0, 0.0, 0.0, 0.0, 0.0, 0.0, 0.0, 0.0, 0.0, 0.0, 0.0, 0.0, 0.0, 0.0, 0.0, 0.0, 0.0, 63486456991777.0, 0.0, 1632.0, 907.246383294, 0.0, 0.0, 258.5, 251.123176947, 0.0, 0.0, 254.387755102, 225.581589957, 148.0, 24.0104144071, 0.0, 0.0, 0.0, 0.0, 1568.375, 2409.91669656, 0.0, 0.0, 760.833333333, 560.464217314, 0.0, 0.0, 0.0, 0.0]
dot = 4.03053011762e+27
denom = 4.03053011762e+27
Cosine: 0.0
Correlation: -2.22044604925e-16
